0 3 14 6 12
10 20 27 28 18
1 4 5 6 0
7 14 15 16 11
7 13 12 5 0
0 3 5 9 10
0 7 3 16 4
0 9 21 2 17
2 7 5 1 0
1 2 8 0 13
0 3 2 13 1
11 4 1 0 9
19 15 10 3 6
0 11 20 9 14
0 17 3 7 9
0 5 3 4 1
0 4 14 11
0 1 5 14 2
0 17 4 6 15
0 10 13 1 15
0 5 13 3 4
0 14 38 21 1
0 35 2 7 8
0 3 6 10 11
0 10 17 1 2
0 23 17 14 22
0 3 6 12 19
0 11 1 8 13
0 2 1 20 12
0 5 3 7 2
6 16 13 1 2
5 7 0 1 3
5 10 0 3 7
0 8 26 3 9
0 5 2 4 1
0 8 3 18 24
0 8 9 11 14
0 5 1 7 8
20 4 18 21 1
0 5 11 12 14
0 6 3 11 12
0 11 12 13 3 6
1 11 4 18 16
0 7 13 12 10
0 6 10 18 5
0 3 5 6 13
0 11 14 17 18
0 1 2
0 7 3 4 6
0 2 3 5 6
0 28 9 36 34
31 0 13 16 14
0 13 18 3 2
6 2 12 16 14
0 6 9 3 11
2 0 1 3 4
0 1 2 3
2 3 0 1
1 0 2
0 1 2
3 18 0 9 6
13 2 16 31 30
0 14 13 8 2
0 12 10 4 21
19 6 7 4 9
14 16 8 17 7
0 10 15 17 9
0 1 6 11 7
0 2 7 18 15
0 3 11 8 1
0 3 11 4 2
6 8 9 10 4
0 16 3 8 15
0 3 6 4 5
0 1 2
0 2 3 4 6
0 2 12 13 6
0 1 3 4 5
0 1 2
0 1 2 3 4
0 1
0 1
0 1 2
0 1
0 8 11 17 2
0 7 1 4 5
0 4 8 3 5
0 3 4 5 1
0 10 5 13 11
0 9 10 7 6
0 1 2
0 4 2 3 1
0
0 2 3
0 2 1 3
0 1 2 4 3
0 1 5 6 4
0 3 1 8 2
0 8 9 4 10
0 2 1 4
